-0.000708921
0.00134117
-0.00148114
0.00181585
-0.00199982
0.00212473
-0.00232657
0.00233689
-0.00237134
0.00233577
-0.00205025
0.00168909
-0.000948031
0.000236641
-0.00579454
-0.519731
-0.0237539
-0.192709
0.277037
0.255099
0.269953
0.19235
0.0687358
0.118808
0.1182
0.0295905
-0.078145
-0.0250391
-0.0593436
-0.0558066
-0.0356399
-0.0254799
-0.0510084
-0.0826949
-0.122139
-0.0454484
-0.0562023
0.0124346
-0.0214663
-0.0459587
-0.0703649
-0.0227346
-0.00889847
-0.034636
-0.0402683
0.0163966
0.00349723
0.00933556
-0.0148983
-0.012728
0.00578419
0.0385114
0.0316233
0.0257457
0.003422
-0.00427498
0.0160274
0.0438191
0.00304696
0.030381
-0.00823772
0.0585535
0.0206018
0.0238726
0.0489467
0.0628626
0.0680897
0.0190338
0.0131552
-0.0440507
-0.044864
-0.0345377
-0.0163884
-0.0224183
0.0071838
0.00577622
0.00153603
-0.0159681
0.0016022
-0.0123713
-0.00882457
-0.00141933
-0.00704326
-0.0135683
-0.00561755
0.0101046
0.0137791
0.00567888
0.0233987
-0.0367884
-0.0445958
0.000846253
0.030772
0.0298113
0.0258122
0.00128464
-0.0525284
-0.0641487
-0.0395876
-0.0253521
0.0446303
0.0748973
0.0478575
0.014876
0.0261288
-0.00127511
-0.0111423
-0.0159452
-0.0253402
-0.00757779
0.000858746
-0.00768724
-0.00782599
-0.00906777
-0.0156146
-0.0143377
-0.0437869
-0.0217489
-0.0255929
-0.0130375
-0.00794929
0.0178786
0.00439428
0.00609518
0.00974637
0.0166263
-0.0125864
-0.0234728
-0.0293175
0.0441643
0.0599379
0.046634
0.00798373
-0.0177256
-0.000833382
0.0010749
0.0232351
0.0186037
0.0240741
-0.00835556
-0.00803383
0.00273631
-0.00745814
0.0132184
0.0237407
0.0260036
0.00237208
-0.00734865
-0.00349003
0.00116811
0.0170402
-0.0173784
-0.0358136
-0.0331384
-0.0147108
-0.00730376
-0.0339649
-0.0337807
-0.0262045
-0.00651208
0.0146617
0.000353269
-0.0164852
-0.0093149
-0.0142298
0.0356143
0.0318273
-0.000935437
-0.00709456
0.00994571
0.00969173
0.0172775
0.0185947
-0.0041256
-0.0110373
0.0123295
0.0376464
0.010939
-0.00168267
0.00996989
-0.00659403
-0.0173512
-0.0130058
-0.0175135
-0.0228318
-0.0176264
0.0102606
0.0126546
-0.0120021
-0.000911264
0.0246961
0.0255624
-0.00809881
-0.0138994
0.00108146
0.0219628
0.0128455
0.0199173
0.0134614
0.0156368
-0.00119792
-0.0159582
-0.00484232
0.00224707
0.00352621
-0.0253506
-0.0272833
-0.0121462
0.00432912
0.00365799
-0.00960026
-0.0180127
-0.0188592
-0.00944672
-0.0103561
-0.0141174
-0.017916
-0.0142349
-0.0267402
-0.0180766
-0.00135964
0.0250306
0.0450874
0.0308754
0.00457823
-0.00204818
0.0212093
0.0115935
0.00991013
0.00921016
0.00325272
0.00144573
0.00477798
0.0198763
-0.0039066
-0.00516348
0.00712721
0.0170348
-0.0114242
-0.0172962
-0.00419164
0.0116897
0.0213696
0.00795252
0.0074573
-0.00842253
-0.000767162
0.000200447
0.00157383
-0.0037627
0.00592311
-0.0086734
-0.0222886
-0.0265532
0.00271988
-0.00507369
-0.00362365
-0.00392368
0.000496115
0.00390617
-0.00688577
0.00954549
-4.12367E-05
-0.016446
-0.0267001
-0.00785472
-1.92092E-06
-0.0112508
-0.0031147
0.00980115
0.0104613
0.0209329
0.00832174
0.00611714
0.00552128
0.0239835
0.0166245
-0.00216815
-0.0116142
-0.0067827
-0.014844
-0.00716479
0.00395081
0.0177653
0.00215153
-0.0261412
-0.00319636
-0.0142799
0.00246213
0.00903127
0.0031675
0.0091964
-0.00531105
0.00882121
-0.00508137
-0.00203334
-0.0103088
-0.00711801
0.00858774
0.0198607
0.0199388
-0.0170572
-0.0310041
-0.0143964
-0.00764484
-0.00953995
-0.0036162
-0.00169937
0.00681673
0.0131437
0.00864883
0.00428496
0.000835783
0.00898086
0.0102368
0.00268282
-0.00981214
-0.00452492
0.0128652
0.00536897
0.00920178
0.0250458
0.0172334
0.00734227
0.00656371
0.0105695
0.00630976
-0.0104501
-0.00356501
0.00168079
-0.00480845
-0.0125208
-0.0124377
-0.0296031
-0.0129066
-0.000733241
0.00197418
-0.00232842
-0.00869327
-0.00599897
-0.0114215
-0.0102167
-0.00843515
-0.00334244
-0.01046
-0.0143098
-0.0128868
-0.00364348
0.00831835
0.0119316
0.0101059
0.00850262
0.00332813
0.00467953
0.00276032
0.00943341
0.00367173
0.003915
0.00451667
0.00949666
0.0155669
0.0142982
0.0172338
0.00592599
0.00937417
4.5827E-05
0.00684001
0.00427215
0.00394466
-0.000730747
0.00193263
0.00231715
-0.0195478
-0.00761502
-0.00316691
0.00122982
0.00495121
0.00784961
0.00718229
-0.00579674
-0.0164473
-0.0207437
-0.0205052
-0.011102
-0.0136894
-0.0161171
-0.0132311
-0.00856191
-0.0112955
-0.00203709
-0.000544546
0.00900018
0.0162856
0.0162941
0.00988807
0.00851557
0.00282595
-0.0026829
0.00139325
0.00431197
-0.00568863
-0.00390721
-0.00142097
0.0019752
0.00491153
0.00120704
-0.00366351
-0.00123262
0.00482566
0.00740412
0.00734786
0.00778866
0.00687695
0.0116134
0.00617036
-0.00467123
-0.00323123
0.000973278
-0.00595542
-0.00830158
-0.00533004
-0.000978782
0.00373682
-0.00089837
-0.00141182
-0.00837758
-0.00244739
0.00500581
-0.00404359
0.000529473
0.00363213
-0.000217322
-0.00529013
-0.00320076
0.00467415
0.00840745
0.00849164
-0.000980612
-0.00541875
-0.00461825
0.000660436
0.0077579
0.00557719
-0.000840877
0.00279028
0.00389767
0.00518248
-0.00298875
-0.00263389
-0.0112051
-0.00590211
-0.00290927
-0.00686636
-0.0046084
-0.00782279
-0.00308266
-0.00754813
-0.0131021
-0.00960626
0.000938695
-0.00148356
-0.00194235
0.00193581
0.00964453
-0.000747472
0.00590733
0.00690676
0.00309291
6.40968E-05
0.000859708
0.00278905
0.00412313
0.0131531
0.0106002
0.00779883
-0.000715419
0.00147851
0.000604475
0.000805323
0.000858462
0.00786954
0.00617046
0.0103276
0.00156484
-0.0028926
-0.0064258
-0.00545112
-0.00260881
-0.000711768
0.00178416
-0.00338126
-0.00817828
-0.00150325
-0.000260336
-0.00156634
0.00576458
0.00554092
-0.00365402
-0.00685236
-0.00173147
-0.00472028
-0.0100477
-0.0142002
-0.00838301
-0.0052986
0.00309884
0.00183168
0.00385943
0.00044368
-0.00412402
0.0049361
0.00102827
0.00413077
0.00246436
0.00301498
-0.00183162
0.00138149
-0.000255288
-0.00207943
-0.00383659
0.000943063
0.00445029
0.00858961
0.00630705
-4.04846E-05
-0.000162618
0.00143054
0.00440353
0.00194108
0.00632139
-0.00108527
-0.00128802
-0.00360741
-0.000759526
0.00132402
0.00466894
-3.60258E-05
0.00182764
-0.00485162
-0.00155542
-0.00673871
-0.00923039
-0.0025064
-0.000378926
-0.0029733
-0.00656103
0.000416963
0.00547635
0.0085601
-0.00246447
0.00170109
0.00358656
0.00144157
-0.00154762
-0.000485168
0.00355971
-0.00100644
0.00513898
0.00045194
-0.00384986
-0.00231171
-0.00495581
-0.0068715
-0.00891288
-0.00270368
0.00124305
0.00255796
-0.00113658
0.000733134
-0.0016293
0.00074125
0.00267332
-0.000254428
0.00427073
-0.00119521
0.0033603
0.00428055
0.00187072
-0.00048288
-0.0037742
0.00167511
0.000285588
-0.00114198
0.00115014
0.00857805
0.0086363
0.0048963
0.00208275
-0.0027026
-9.89564E-05
-0.00736783
-0.00309392
-0.00230801
0.00457272
0.0050875
0.00173908
0.000623074
0.00234998
0.00615024
0.000387417
-0.000451346
-0.00160869
-0.00350529
-0.00512977
-0.000399761
-0.000129489
-0.00141344
-0.00112291
0.000857565
-0.00328522
-0.0051553
-0.0020177
-0.00298743
-0.00502725
-0.00583519
-0.00279895
-0.00135521
-0.00221488
-0.000527742
-0.00154838
-0.00110535
0.000355653
0.00501817
0.00374297
0.00145133
0.000581866
0.00530574
0.0048142
0.00439183
0.00264863
0.000335294
-0.00359382
-0.00218176
-0.000505445
-0.00144725
0.000874025
0.00103857
-0.00497691
-0.00778706
-0.00179294
-0.00390927
-0.00155239
0.00488403
0.00586772
0.00307574
-0.000107312
-0.00202382
-0.000694072
0.00121041
0.00255655
0.00168612
0.0032728
0.00476017
0.00736715
-0.000731952
-0.00240897
0.000838166
0.00153661
0.00140058
0.000537945
0.00154025
0.000174402
0.00110815
0.0004705
0.000703785
0.00113067
0.00251147
0.00104324
-0.000457608
-0.00158881
-0.004709
-0.00185512
-0.00249266
-0.00338254
-0.00332723
-0.00345369
-0.00323204
-0.00303067
-0.00170532
-0.0029817
-0.00256116
-0.00250434
-0.00121518
-0.00335057
-0.00170745
-0.00169898
-0.00119998
-0.000550816
-0.00219902
-0.000494271
0.00210168
0.00377362
0.00437297
0.00350145
0.00152033
0.000624428
-0.00209427
0.00049874
0.00472607
0.00428738
0.0021494
0.00145778
0.00343593
0.00177238
0.00226828
0.00495454
0.00113065
-1.35881E-05
-0.000286428
0.00237499
0.00243588
0.000423723
-0.00185124
-0.00424339
-0.00374904
-0.00513228
-0.00400389
0.000296355
-0.00158738
-0.00231293
-0.000561804
0.00210065
0.00174442
0.00354813
0.0057657
0.000646614
0.000271755
0.000535617
0.00155703
0.00208978
0.00326059
0.00066972
-0.0011083
-0.00194215
-0.00404627
-0.00535517
-0.00225521
0.00014302
-7.79595E-05
-0.00176266
-0.00361126
2.22074E-05
-0.000940274
-0.000430071
0.000159256
0.000186963
0.00133668
0.000767196
0.00250936
0.0014294
-0.000211279
-0.000797681
0.000539629
0.0012464
-0.00100495
-0.0022993
-0.0018315
-0.00145385
-0.00540241
-0.00332225
-0.00352266
-0.000597941
0.000271159
0.000123452
0.000211912
-0.000337314
-0.00193733
-0.00110374
0.00125246
0.0018501
0.00433418
0.00259015
0.00339971
0.00284058
0.00232108
0.00237156
0.0027879
0.00355454
0.00151421
0.00177283
0.00190884
0.00245385
-0.00039199
0.00028139
-0.000477695
-0.00119361
-0.0026639
-0.000262595
0.000394331
0.000939052
0.00100686
-0.0020394
-0.00286114
-0.00386547
-0.00187367
-0.00262626
-0.00123042
-0.000631218
0.00036889
-0.00133406
-0.00119463
-0.00051885
-0.000793789
-0.000968145
-0.000851543
-0.00213903
-0.00229368
-0.00187084
-0.000317225
0.00050389
0.00273646
0.00307669
-0.000869926
-0.00126802
0.00153081
0.00121984
0.00144548
0.000193833
0.0026803
0.000778215
0.000233226
0.00177857
0.00157421
-5.53616E-05
0.00230635
0.00319061
0.00173292
-0.000311385
-5.27986E-05
-7.39992E-05
-0.000273313
-0.000439192
-0.00132286
0.00111945
-0.000952478
-0.000502343
-0.000147513
7.73993E-06
-0.000787052
0.000788425
0.000859861
-0.00154447
0.000140818
-0.000269287
-0.000802917
-0.00082389
-0.000154432
-0.00229011
-0.00202023
0.00133796
-0.00142471
-0.000153897
-0.00217934
-0.00135178
-0.00235068
-0.00176847
0.000907308
0.00160121
0.00162997
0.0015994
0.00287518
0.00198382
-0.000135362
0.000729159
-0.00157782
0.000393325
-8.76028E-05
0.00083812
-9.04863E-05
-0.00072462
-0.00154609
0.00016418
0.00278632
0.000754535
0.00141813
-0.000239527
-0.00198868
-0.0016094
-0.00203954
5.71268E-05
0.000527897
-5.40515E-05
3.12771E-05
0.000158393
0.0011956
0.000327582
0.00167889
0.000757988
0.000949397
0.00118516
5.9649E-05
-0.00057379
0.00205268
0.00194617
-0.000346328
-0.00104825
0.000115118
-0.000112256
-0.00078505
-0.00154641
-0.000781212
-0.000249377
-0.000539567
-0.0024681
-0.00269863
-0.00197384
-0.00229749
-0.00151192
0.000195396
-0.000627753
-0.000300899
0.000809444
0.00176207
0.000201185
-0.00057757
0.000167553
-0.000494831
1.18883E-06
0.000144185
0.000199808
0.000825751
0.00120753
0.000512436
-0.0021738
-0.000459698
0.000487414
0.000807047
0.00295747
0.00134543
0.000190285
-0.000821582
2.5451E-05
7.64727E-05
0.00129334
0.00172665
0.00252705
0.00143096
0.000981313
-1.2007E-05
0.00054342
0.00084837
0.00158666
0.00114707
-0.000375378
-0.00163767
-0.00148401
-0.000697169
-0.000677984
-0.0011782
-0.00130313
-0.000485518
-0.000669312
0.000236167
0.00076414
-0.0010444
-0.0014729
8.18322E-05
0.000382184
-0.00028962
0.000301328
-0.0010267
0.000737824
-0.000427663
-0.00164524
-0.000684739
0.00129095
0.00193454
0.000974915
0.000230103
0.000848965
0.00136362
0.00108828
0.000647266
2.6929E-05
0.000141802
-0.00161733
-0.00145495
-0.00128443
-0.00262488
-0.00179752
-0.000882956
-0.00045116
-0.000351779
-0.000970925
0.000393414
0.000603476
-2.90642E-06
0.000161774
-0.00037794
-0.00108235
-0.000812082
-4.05742E-05
0.000547924
0.00134027
0.00105287
0.00132333
0.000738809
0.00202331
0.000784843
-8.40182E-05
0.00054611
0.00119773
0.00180877
-0.000146235
-0.000117681
-0.000592546
0.00027302
0.0015261
0.00166034
0.000548806
-0.000233223
0.000686113
-0.000520245
-0.00170576
0.000325693
-0.000196955
-0.000402339
-0.000650125
0.00071133
-0.0017189
-0.0027222
-0.00304048
-0.0012334
-0.00100077
-0.00118197
-1.42456E-05
0.000163528
-0.000276985
-0.000717726
-0.000182792
-0.00102696
-0.000261276
0.000263986
0.000228275
-0.000656048
-0.000240988
-0.000666406
-0.000149994
0.000764735
0.000476163
0.000585367
0.00127541
0.00166651
0.00102024
0.00127896
0.00123909
0.00096693
0.00169014
0.00107084
0.00142315
-0.000910389
-5.82813E-05
0.000275989
0.000744173
-0.000640248
-0.00165692
-2.01354E-05
0.00140017
0.00173695
3.47974E-05
-0.000437321
-0.000864199
0.000103512
-0.000304437
2.07504E-05
0.000724029
0.000486479
-0.000554318
-0.000136903
-0.000147792
-0.000123394
-0.000799098
-0.000169951
-0.000687086
0.00077691
-0.000506002
-0.000800473
-0.000918283
-0.000587111
-0.000277466
-0.000625961
-0.000175034
0.000760503
1.85465E-05
-0.000153442
-0.000196819
-0.000270495
0.000216759
0.000586919
0.000304315
-0.000455602
-0.000938211
-0.000733088
-0.00132066
-0.00149682
-0.000948594
-0.000413147
0.000113765
-0.000474616
-0.00105022
-0.000577325
-0.000548666
-0.000402989
-0.000520909
0.000808233
0.000967831
0.00119152
0.00156275
0.00156826
0.00236831
0.00163294
0.00096359
0.000919867
0.00100002
0.00123145
0.00122724
0.00130358
0.00151435
0.000534178
-0.000487609
-0.00067762
4.82628E-05
-0.000122564
-0.000224192
-0.000905609
-0.000150839
-0.000371773
-0.00147386
-0.00137829
-0.000536773
-0.00137711
-0.000274474
-0.000186843
-0.000357631
-0.00160983
-0.000729163
-5.5515E-05
-0.000863634
0.000257475
0.00101871
0.000379336
-0.0010537
-0.000384327
-0.00131579
-0.000839503
-0.000324034
-0.000147413
-0.00092627
-0.000840835
-0.000471421
-0.00104651
-0.00096513
-0.0014447
-0.000266502
0.000681044
0.000837003
0.000595732
0.00111755
0.00136585
0.00189239
0.00189141
0.00159038
0.00109389
0.000747342
0.00118724
0.000927834
0.00103884
-0.00014166
-0.000422018
-0.000428971
-0.000189175
-0.000140925
-0.000641432
0.000220433
5.69119E-05
-0.000309723
-0.00039543
0.000441464
-0.000168807
-0.000506577
1.21542E-05
-0.000474761
0.000202782
-0.000391072
-0.000257565
0.000214096
-0.000192064
0.000692191
0.00059276
4.32377E-05
-0.000287141
0.00057407
0.000729864
0.000516301
-0.000613633
-0.000529089
-0.000390464
-0.000275096
-0.000541524
-0.000304018
-0.000111346
-0.000790434
-0.000277498
-0.000104694
6.44099E-05
-0.000347243
-0.00033794
-0.000783506
-0.000545025
-0.000483548
-0.000114704
-0.000539545
-0.000721847
-0.00112136
-0.000739205
-0.000605821
0.00055865
0.000186835
-9.48946E-05
-0.000249362
0.00028782
0.00110811
0.0014679
0.0004922
0.0011803
0.000719505
0.00157475
0.000462343
0.000469871
0.000176607
-0.000204155
0.000167613
0.000302133
0.000548913
0.000277744
0.000520586
-0.00034942
0.000429011
-0.000334069
5.60475E-05
-1.75065E-05
7.45309E-05
0.000147615
0.000124986
0.000279432
-0.00108967
-0.000358838
-0.000379452
-0.000513926
-0.00108458
-0.000893537
-0.00139779
-0.00158884
-0.000974927
-0.000729446
-0.000880996
-0.00103351
5.45539E-05
-0.000541357
-0.000119448
-0.000367419
0.000109621
-0.000542876
-0.000158968
-0.000534101
0.000287707
0.000434606
0.000620826
0.00105163
0.000893012
0.000452565
0.000450086
0.00087097
0.000682441
0.000620279
0.000706507
0.00128675
0.000838077
0.000114463
-0.000161338
9.13057E-05
0.000596654
0.000443062
0.000782968
0.000871536
0.000638724
0.000878946
0.000729327
0.000727382
0.000243296
-0.000487598
-0.000487467
-0.000538021
-0.000496513
-0.000237113
-0.000725043
-0.000176306
-0.000587443
-0.000854113
-0.00137803
-0.000105264
2.34865E-05
-0.000424003
-0.000691442
-0.000287042
-0.000833345
-0.00100981
-1.57393E-05
-0.000345791
0.000408856
0.00028021
-0.000334119
5.82785E-06
-0.00087682
-0.000182009
-0.000336767
0.000303152
0.000150679
-0.000502231
-0.000191308
-0.000314127
0.000191643
1.9507E-06
4.43713E-05
-0.000235481
-1.74294E-05
-0.00034931
0.000366999
-5.22072E-06
0.000403315
-0.000499936
0.00018161
0.000313325
3.63681E-05
0.000371176
0.000229522
0.000134176
0.000284243
0.000662996
0.000683004
0.000698448
0.000440572
0.00101833
0.000448296
0.000913915
0.000976593
0.000878293
8.24359E-05
0.000111484
1.26777E-05
6.14578E-05
-0.000283843
-0.000330791
5.70656E-05
-0.000217684
-7.89175E-05
-0.000139402
7.46156E-05
-0.00058012
-0.000679944
-0.000534074
-0.000650589
-0.000172718
-0.00102165
-0.000631938
-0.000580654
-0.000849929
-0.000218806
4.31147E-05
0.000132131
-0.000629714
-0.000753316
-0.000582257
-0.000278946
-0.000326587
-0.000222031
-0.000544058
-0.000462704
-0.000969323
-0.000653433
-0.000477398
9.85776E-05
0.00056059
-2.85486E-05
-6.87357E-06
0.000507895
0.000221209
0.000720336
0.000666925
0.000813028
0.00105921
0.000985761
0.000950364
0.000342772
0.000631013
0.000709824
0.000243729
-7.14839E-05
-0.000169328
-0.000319617
-8.75464E-05
-0.000362248
0.000248237
9.81779E-05
0.000189692
0.000312388
5.11018E-06
0.000182392
3.45344E-05
-7.96582E-05
8.7264E-06
6.915E-05
-0.000213029
0.000117965
1.56513E-05
-0.000113442
0.000491748
-5.49953E-06
-0.000306959
-0.00100439
-0.000445428
-0.000714762
-0.000586549
-0.00023374
-0.000490556
-0.000502384
-0.000134043
0.000169049
8.02893E-05
-4.36475E-05
0.000328894
0.000415901
0.000429283
0.000145163
0.000315192
1.87744E-05
-0.000737408
0.000203461
7.91631E-05
9.74802E-05
-9.17102E-05
-1.94969E-05
1.88163E-05
0.000191125
0.000308588
3.07023E-05
0.000436201
-0.000246318
2.69219E-05
-0.000304778
-0.000261857
-0.000111922
-0.000194486
-3.07412E-05
0.000144949
5.49134E-06
-5.47229E-07
-1.73575E-05
-2.85596E-05
0.000183907
0.000209868
0.000174083
0.000432217
0.000478713
0.000408584
0.00034306
0.000236732
6.82226E-05
-0.000282149
8.83694E-05
-0.000262662
-0.000488944
-0.00046456
1.34258E-05
-3.39488E-05
-0.000162908
-0.00054808
-0.000783521
-0.000647879
-0.00067351
-0.000494312
-0.000324248
-0.000553815
-0.000272104
-0.000159854
0.00027209
0.000341295
0.000457745
7.04459E-05
0.000447112
0.000324625
0.000540566
0.00022552
0.000484719
0.000211127
-0.000437543
-0.000430296
-0.000334808
-7.43876E-05
0.000168076
6.63312E-05
0.000415553
5.7513E-05
-0.000375293
-9.44199E-05
-0.000178381
-1.71151E-05
6.16397E-05
5.40764E-05
4.8404E-05
0.000238579
0.000129886
0.000541106
0.0004582
0.000540842
0.000744243
0.000577416
0.000621215
0.000579569
0.000201454
0.000211789
-0.000223815
-0.000153109
-0.000392879
-0.00016464
-0.000417784
-0.000164695
-0.000170208
-0.00019502
-3.03202E-06
-0.000134014
-0.000329798
-0.000359134
-0.000240766
-0.00030888
-0.000305955
-2.03422E-05
-0.00011093
-1.03968E-05
-0.000385174
-0.000490335
-0.000512754
-0.000188751
4.23587E-05
0.000112772
0.000402466
8.98977E-05
0.000201505
0.000214473
3.05713E-05
-0.000402674
-0.00020299
-0.00030855
-0.000181213
-0.000401664
7.93991E-05
0.000103439
-9.84783E-06
0.000136028
0.000266415
0.000567499
6.89804E-05
0.000260146
0.000249879
0.000201103
0.000374943
0.000426241
9.61248E-05
0.000135943
-4.01007E-05
0.00033157
0.000149016
0.000355566
0.000278463
0.000203568
0.000276166
0.0001322
0.000371705
0.00040512
0.000357228
6.75896E-05
8.57291E-05
-7.2762E-05
1.65782E-05
7.28186E-05
0.000224734
-0.000158504
-0.000274307
-0.000253117
-0.000462658
-0.000392121
-0.000597254
-0.000371324
-0.000494777
-0.000402434
-0.000445982
-0.000324805
-0.000309211
-0.000271662
5.55133E-05
0.000238231
-0.000518646
1.90535E-05
-0.000154446
0.000388517
0.000213183
0.000250076
-0.000105243
-0.000128406
-0.00015651
7.58186E-05
-3.76827E-05
0.000139445
0.000165165
0.000207962
-0.00030311
0.000241665
3.6461E-05
-1.19986E-05
-5.79548E-05
-8.12675E-05
-9.20979E-05
3.45714E-05
-2.68138E-05
0.000450442
0.00013423
0.000348442
3.77352E-05
0.000352201
0.000411566
0.000163102
-8.41793E-06
-7.55277E-05
0.000117457
-1.89694E-05
2.01777E-05
0.000403767
0.00048466
0.000465366
0.000288439
4.61885E-05
-9.66626E-05
-6.3521E-06
-8.033E-05
0.000259017
-9.70469E-07
-2.80475E-05
-0.000135357
-0.000166817
2.54812E-05
6.70919E-05
0.000137399
8.86625E-05
6.17725E-05
-1.12273E-05
-0.000313283
-0.000247602
-0.000410055
-0.000253174
-0.000164805
8.02043E-05
0.000301181
7.60873E-05
0.000120409
0.000151614
4.8146E-05
-1.7758E-05
3.97531E-05
-0.000313398
9.67934E-05
-0.000220731
-0.000222763
-0.000579624
-0.000227544
-0.000310078
-0.000414839
-6.24457E-05
-0.000182163
-2.30355E-05
2.05508E-05
9.24328E-05
9.67499E-05
-6.32622E-05
2.42267E-05
0.000363746
0.000231436
0.000461561
0.000301321
0.000670855
0.000240277
0.000648253
0.000386695
0.000272814
-3.00797E-06
0.000268521
0.000193182
0.000280482
1.02345E-05
-1.64036E-05
-0.000257178
1.02867E-05
-0.000103831
-7.00852E-05
-0.000190636
-8.06305E-05
-0.000314439
-0.000229106
-0.000449775
-0.000137154
-4.19895E-05
0.000101446
0.000231104
5.65107E-05
0.000275743
-5.87266E-05
0.000160906
-6.4492E-05
3.98282E-05
-0.000306121
-3.61276E-05
-0.000374256
-0.000267744
-0.000193689
2.17561E-05
-0.000150554
6.0002E-05
-0.000172266
7.26135E-05
-9.11441E-05
8.30084E-05
-0.000211302
0.000263339
6.50392E-05
0.000528503
7.43718E-05
0.000511588
4.48073E-05
0.000455898
-3.24141E-05
0.000286646
1.47051E-05
0.000171354
1.42805E-06
3.80146E-06
4.70926E-05
0.000335296
0.000146543
0.000211003
8.72375E-05
0.000131386
-0.000163964
-0.00011338
-0.000432212
-2.89627E-05
-1.15196E-05
0.00035569
1.25862E-05
-7.66067E-05
-0.000183744
-0.000126531
-0.000170813
-0.000208288
-0.0003014
-0.000133986
-0.000173787
1.75781E-05
7.49009E-05
0.00033544
0.00018026
0.000201344
1.0309E-05
0.000301048
0.000311625
0.000354146
0.000267394
0.000172388
9.64651E-05
0.00012065
9.97339E-05
9.36121E-05
2.00722E-05
1.22869E-05
7.71774E-05
0.000114142
0.000193134
0.000117027
0.000165967
0.000127391
8.2499E-05
0.000148389
8.16073E-05
-7.30157E-05
-2.54223E-05
5.27379E-05
-0.000169184
-0.000131502
-5.23203E-05
-0.000164185
-0.000217708
-0.000230519
-0.000109257
-0.000224746
-3.68784E-05
-4.47141E-05
-0.000227269
-1.98737E-05
9.18183E-05
5.35479E-05
0.00029954
0.00017157
0.000164626
5.73736E-06
0.000160971
-5.26757E-05
0.000242842
-5.60833E-05
6.71018E-05
-0.000156482
3.39667E-05
2.37673E-05
8.78892E-05
6.01569E-05
7.33335E-05
6.90951E-05
-1.21916E-05
-6.93403E-05
-6.99188E-05
3.23368E-05
7.65575E-05
0.000233471
4.40658E-05
0.000385999
0.000181279
0.000273356
8.0578E-05
0.000223404
0.000103736
0.000154505
-6.70481E-05
-5.16226E-06
-0.000179952
1.59729E-05
3.47167E-05
-7.55559E-05
0.000120068
-2.65002E-05
6.09894E-05
-9.21958E-05
-4.33321E-06
-0.000311916
-6.76468E-05
-0.000157174
-0.000155439
-0.00013227
-0.000226063
0.000201243
1.78953E-05
4.88461E-05
0.000188631
-9.57115E-05
3.05666E-05
3.27578E-05
0.000228142
6.62234E-05
0.000189463
0.000116091
0.00024338
0.000125461
0.000163542
0.000153196
7.94787E-05
2.17643E-05
0.000101837
6.1636E-05
0.000253022
-9.2533E-05
0.000307449
2.35251E-06
0.000236897
0.000173882
0.000160351
-2.4557E-05
-4.7218E-05
-8.69724E-05
8.70348E-05
-6.12263E-05
-0.000123403
-0.000193863
-0.000191703
-0.000121685
-0.000137469
-0.000102386
0.000122135
-0.000193728
-0.000135925
-0.000286561
-4.01925E-06
-0.000202966
3.4358E-05
-4.54192E-05
1.51723E-05
5.02252E-05
0.000154093
4.81576E-05
0.000157143
0.000197362
0.000175473
0.000316318
0.000292992
0.000211471
0.000148732
0.000369959
0.000150049
0.000344386
0.000315299
0.00044876
0.000183565
5.09473E-05
0.000221058
9.12628E-05
0.00025637
0.000149316
0.000136949
1.75401E-05
-0.000145243
-0.00010664
-0.00016767
-3.66027E-06
0.00033325
4.72685E-05
-0.000225216
-0.000471649
-0.000508726
-0.000449108
-0.000129263
-2.62256E-05
4.68419E-05
2.28019E-05
-3.20424E-05
0.000142279
0.000137414
4.75237E-05
-9.92329E-06
-0.000184305
-0.00028153
-8.13121E-05
-0.000155602
0.000148384
-7.8328E-05
0.000128052
-0.000121793
0.000275083
8.183E-05
0.000271781
-3.01943E-05
-7.0591E-05
3.14932E-05
0.000183318
0.000123664
0.000251712
0.000218106
0.000358028
0.000264542
0.000195355
-0.000152332
5.18985E-05
-0.000111568
1.05294E-05
-0.000124792
-5.56337E-05
-0.000132791
0.00017967
0.000107619
0.000161523
-0.000106375
-9.17105E-05
0.000107524
0.000661364
0.000247545
-7.97559E-06
-0.000349078
-0.000262766
-0.000380707
0.000130287
0.000181555
0.000269872
7.54291E-05
0.000376818
0.000348088
0.000442641
0.000220498
0.000324443
-1.02508E-05
0.000110572
6.81361E-05
0.000190859
-2.72689E-05
4.55474E-05
-0.000292528
-0.000303363
-0.000245854
-2.60577E-05
-2.97018E-05
2.27533E-05
-9.33376E-05
-5.71119E-05
-6.64213E-05
-0.000165704
-0.000261279
0.000147361
-8.3249E-05
0.000125412
5.28032E-05
-1.09526E-05
-0.000276934
-0.00024875
-0.000335195
-0.000160353
-0.000118572
-5.94E-05
-7.41011E-05
0.000141341
-2.56207E-05
0.000204044
1.13568E-05
0.000285616
8.03277E-05
0.000173661
-4.49498E-06
0.000164493
1.77354E-05
0.000410167
0.000170922
0.000326432
5.97081E-05
0.000306939
9.96755E-05
0.000320405
2.08294E-05
0.00019638
1.2672E-05
0.000221757
-0.000133124
9.14307E-05
