-0.0010915
0.00225626
-0.00254479
0.0032592
-0.00357673
0.00449254
-0.0053401
0.00616576
-0.00715342
0.00836589
-0.0100966
0.0117462
-0.0144875
0.0179001
-0.0237178
0.0366097
-0.0832641
-0.323142
-0.212071
-0.019188
0.330263
0.258881
0.212242
0.1114
0.0770802
-0.0209993
0.0362125
-0.00810615
0.00914956
-0.0325186
-0.0398038
-0.0944678
-0.0633411
-0.0618495
-0.00366617
-0.0108521
-0.0352033
-0.0500594
-0.0371862
-0.0314831
0.0209535
0.0156743
-0.0477743
-0.0517648
-0.0332205
-0.0142664
-0.0205377
-0.0151049
0.0539749
0.0309653
0.00418154
-0.0302438
-0.0278626
0.0296505
0.0178055
-0.00484007
-0.00187417
-0.075916
-0.115153
0.107549
0.234938
0.096248
-0.0320043
0.0300101
0.0625469
-0.0406767
-0.0289783
0.00563378
-0.048607
-0.0491695
-0.0229888
-0.0160672
-0.0290028
0.0309081
0.0349041
0.042368
-0.0242462
0.0146984
0.0236106
0.0190891
0.00727618
0.00330929
0.0193627
-0.000255236
-0.00439197
-0.0049352
-0.0269612
-0.0179978
-0.00644183
-0.00331468
-0.0055922
-0.0475827
-0.00271295
0.0111845
-0.00121947
-0.0250711
-0.00518742
0.00110229
-0.0305223
0.0239528
0.0373914
0.0544408
0.0297538
0.0195949
-0.00659727
-0.0403657
-0.010834
-0.00958593
-0.0163314
-0.00664486
0.0157767
-0.0130547
-0.0124416
0.0293943
0.0137606
-0.0210483
0.00505058
0.00436161
-0.0198478
-0.0188554
-0.0351614
-0.0182645
-0.0129825
-0.0065247
0.00576195
0.0130699
0.00820039
-0.000930289
0.00379442
-0.00586226
-0.0102294
-0.0188848
0.0127861
0.028177
0.00454285
-0.0272323
-0.0252032
0.0313206
0.0570405
0.00316162
-0.0399506
-0.0373034
0.0431862
0.0375322
-0.00949301
0.0424602
0.0127888
0.0295504
-0.0186647
-0.00858681
-0.00595682
-0.00267369
0.0203752
0.014808
-0.0160444
-0.0260554
0.0212355
0.0258606
0.00797872
-0.0112578
-0.0117534
-0.0237814
-0.0197431
-0.00102556
0.00781479
-0.0164966
-0.0374429
-0.0424328
0.00730883
0.0228737
-0.0282356
-0.0429427
0.0175013
0.0272086
-0.00098053
-0.0208245
0.0141286
0.0549823
0.0130835
0.0138769
0.0223692
-0.0111169
0.00709821
0.0131212
0.0437935
-0.0273825
-0.0513594
0.0133381
-0.00743825
0.00845228
0.014386
0.0138441
-0.0558183
-0.0250779
0.0245438
0.032593
-0.00431006
0.0192575
-0.00171933
0.0149951
-0.0205616
-0.026722
0.00145671
-0.0159352
0.0121483
-0.00540144
-0.00770825
-0.0429865
-0.0124447
0.0122734
-0.0254499
-0.00312805
0.0273788
-0.01288
-0.00476148
-0.00273245
0.00773315
-0.00915254
0.0198083
0.00961542
-0.0181483
0.0312058
0.0385962
-0.00291337
-0.00511568
0.022836
0.00148156
-0.00216933
0.00368197
0.00393578
0.0133496
-0.00118443
-0.00800876
0.0357973
0.0146259
0.00509893
-0.00735377
-0.0313314
-0.00826762
-0.0305871
0.00228861
-0.0400636
0.0384795
-0.00261916
-0.0111277
0.0156904
0.023649
0.0184498
0.0139081
0.0343096
-0.0127092
-0.0257341
-0.0199779
0.0149566
0.0010582
-0.00360028
-0.0494901
-0.0121283
-0.0460298
0.013858
0.0182064
0.0104729
-0.00606666
0.0125033
-0.000904441
-0.0134205
-0.00131338
-0.00638779
0.00124936
-0.027013
-0.0315112
-0.0221253
-0.0220415
-0.0279055
-0.0222792
0.0057962
0.0237093
0.0392159
0.0374077
0.0110263
-0.00112233
0.000672162
0.0321857
0.0528639
0.022524
0.00297018
-0.00415963
0.00273061
-0.0290408
-0.0291974
0.0155304
0.04487
0.00579342
0.0176882
0.0131849
0.0167976
-0.0132906
0.0162246
0.00910657
-0.00787201
-0.0145334
-0.0428919
0.00358175
0.0013855
-0.0236903
-0.0176778
0.0177203
0.000452986
-0.0376292
-0.0231183
-0.0182794
0.0127854
-0.00178561
0.00607332
-0.00581654
-0.0314922
-0.0053558
-0.0112331
-0.00207888
0.0188703
0.0195996
0.0286556
0.00787164
0.0174231
-0.0181193
-0.020668
0.007881
0.0123402
0.008839
-0.0135192
0.0205416
0.0136989
0.0219316
-0.00411233
0.0178768
0.0225592
-0.0171582
0.00285257
0.000893342
0.00257024
-0.0358823
-0.0131082
0.00601589
-0.00653647
-0.00631003
-0.022083
-0.0339895
-0.01939
0.00301668
-0.0026896
-0.0225614
0.000667898
0.0128922
0.00682958
-0.000215759
0.0075656
0.0228187
0.0251112
0.0317025
-0.00329332
0.00686059
0.0133879
-0.0132742
-0.0352704
-0.0256173
0.00177615
0.0459082
0.0258537
-0.00863436
-0.00397224
-0.00199164
0.0123092
0.012693
0.0272294
-0.0071463
0.0189145
0.0135656
-0.00710646
-0.0381267
-0.0363746
-0.0238797
-0.00719419
0.0204659
-0.00639467
-0.000113216
-0.00807263
0.00925517
0.0272253
0.00524896
-0.0282472
-0.0435204
-0.030032
-0.0100278
0.00152153
-0.00395192
0.033632
0.0227649
0.0297127
0.011616
-0.0104792
-0.0101505
-0.000427791
0.0101633
-0.0202839
-0.00861339
-0.00934924
0.00841529
0.00106925
0.00155435
-0.0175334
0.0066125
0.0196334
0.000677114
-0.00926571
0.0198895
-0.00250797
0.0216554
-0.00236974
-0.00648118
-0.0146918
0.0107354
0.038964
0.00474934
0.000110531
-0.00330312
0.0231299
0.0200615
-0.00922988
-0.0120844
-0.0179846
-0.0187328
0.00231922
0.00986337
0.00942722
-0.0159774
-0.0113201
-0.0130758
-0.000130349
-0.0100329
0.0120181
0.0030894
-0.0232514
-0.00733346
-0.0282919
-0.0086535
-0.025612
-0.025257
-0.0128742
-0.0143656
-0.00136958
0.00510799
0.0179908
0.0200979
0.0303898
0.0188728
0.0183217
0.0357545
0.0286601
0.0294237
0.0122912
-0.00930769
-0.0205554
-0.000864143
-0.0118818
-0.0166465
-0.0122819
0.0128271
0.0223538
0.01077
0.00831702
-0.000540645
0.00142614
0.0174128
-0.0122368
-0.0218304
-0.00219151
-0.00334654
-0.0204264
-0.0307137
-0.00948507
-0.0188829
0.00585038
0.00754125
0.00702194
-0.00766828
-0.0118744
-0.0208368
-0.0156323
-0.0128379
-0.0057934
0.0218753
0.0338883
0.0119831
0.00649934
0.00507724
-0.00032996
0.00632253
-0.00333914
0.0070057
-0.0085154
-0.0012432
-0.0145284
-0.00468185
-0.00286583
-0.001006
-0.00234732
0.0124752
0.0164636
-0.00847182
0.00329922
0.0105521
0.0301656
0.0109005
0.00151124
-0.00591918
0.00185865
-0.00291548
0.0201158
0.00647119
-0.00761409
-0.00981552
-0.0124635
0.00240978
-0.00699975
0.00423611
-0.00705918
-0.019914
-0.0144725
-0.019283
-0.00831227
-0.00668991
0.02914
0.0244331
-0.0248034
-0.00332495
0.0124682
0.0128908
-0.00568499
0.0124474
-0.00968302
-0.0246722
-0.0125589
0.00924137
0.0119139
-0.00230428
0.0115623
-0.00425026
-0.00146908
0.0186048
0.0117495
-0.000506083
-0.000523981
0.0339931
0.00641607
-0.0133411
-0.0224535
-0.00949295
0.00123509
-0.00335164
-0.0047437
0.0105358
-0.000942289
-0.0163027
0.00737936
0.000398996
-0.0174021
0.00912867
-0.00343103
-0.00480284
-0.0170578
-0.0135266
0.00385367
0.00554215
-0.00539505
-0.00138048
0.00193831
0.00407153
-0.0146164
0.00265524
-0.00110328
-0.00425627
-0.00381639
-0.00471825
0.0172732
0.00682451
0.00286417
0.00216516
0.0124119
0.0188728
0.0302113
0.0278061
0.00352456
-0.00637359
0.00899758
-0.0264683
-0.020951
-0.0165133
0.0158162
0.00403002
-0.0166763
0.0105869
0.000817758
-0.0146818
-0.0199271
-0.00577228
-0.0101727
0.0105603
0.00746567
0.000846415
0.0100493
0.0175944
0.0122866
-0.00319902
0.00516573
0.000746441
-0.00311602
-0.0155079
-0.00566742
0.0150971
0.0118229
-0.000342677
-0.0228811
-0.0212555
0.000747703
0.0112515
0.00807043
-0.00736568
-0.0285687
-0.0118953
0.0196931
0.0193047
0.00468163
-0.00889127
-0.00166489
-0.00917219
-0.01149
0.0252468
0.0217366
0.0037779
0.00459601
0.00538759
-0.00254024
-0.0100346
-0.000625692
0.0162946
-0.00369381
-0.0203579
-0.026968
-0.0277296
-0.0162884
-0.00202611
0.0143229
0.00964085
0.0122285
-0.00476119
0.00488661
0.0119919
0.00126406
0.013304
0.00259835
-0.0104335
0.00128107
-0.00836038
0.00753746
-0.00080233
0.00624862
-0.00019192
0.00106779
0.00322798
0.00152757
0.0140471
0.00871222
-0.000791232
-0.00119015
0.00204116
-0.0136288
-0.00605706
0.0142133
0.00493766
0.0123847
-0.012087
-0.0279537
-0.00308472
0.00221457
-0.00254297
-0.0077232
0.00893496
0.00722751
-0.00817679
-0.00938475
-0.0143724
0.00492878
0.0224003
0.0237954
0.00724647
-0.00161039
-0.0080746
-0.00301501
-0.0308519
0.00143019
0.00991839
-9.83891E-05
-0.00235841
-0.0156997
0.00239782
-0.00903262
0.00984038
0.0118058
0.00152865
0.0104933
0.00720178
-0.00771861
-0.00218919
-0.00237384
-0.000437622
-0.00428117
-0.00132897
-0.00458634
0.0102668
7.98496E-05
-0.00881165
-0.00883142
-0.00629987
0.00416743
-0.00082843
-0.000609
0.00499075
0.0053493
-0.00359207
0.00345173
0.00851391
0.0196034
0.0190772
0.00147078
-0.000827141
0.0101674
0.00267664
-0.00740397
-0.00270785
-0.0107083
-0.0252996
-0.00829038
-0.00101589
-0.0179195
-0.0188924
0.00166389
-0.0116982
0.00450394
0.0233701
0.00919744
0.0177327
0.0135009
-0.00171881
-0.0155246
-0.0116206
-0.0070206
0.0152692
-0.00227569
-0.0143473
0.00152428
-0.00473955
-0.00159218
0.00413559
0.0156551
0.0124382
0.00678611
-0.00283481
0.0253301
0.000457659
-0.00791532
-0.00680775
-0.00124088
0.00866618
0.00997591
-0.00241833
0.00193967
-0.00136293
-0.000834243
-0.0223812
-0.0168896
0.0115804
-0.00195927
0.00424538
0.00983317
0.000836612
-0.0122124
-0.00296357
-0.00804742
-0.00393193
-0.0114355
-0.0132567
0.00278854
0.00839016
-0.00176639
-0.0122047
-0.0182727
0.00348806
0.0116601
0.00210774
-0.00851246
-0.0028645
0.00472509
-0.0106754
-0.0068889
0.0123969
0.00241936
0.00344274
0.0197994
0.0204714
0.00492644
0.00102096
0.00053495
0.0140998
0.02025
0.00151859
-0.000770029
0.00656085
-0.00139186
-0.0143679
-0.00733146
0.00673316
0.00824688
-0.00520053
-0.00319855
0.00023231
-0.00209162
-0.00124041
0.0051875
0.0036347
0.00505594
-0.0224018
-0.0118236
-0.00119947
0.000857031
-0.00604475
-0.00847437
-0.00444996
0.00511834
-0.00965001
-0.00740396
-0.00454619
0.00257493
-0.000548721
-0.00734824
0.0198728
-0.00378956
-0.00863651
0.0024335
0.0036856
0.00479721
0.0076704
-0.000126727
0.00305079
-0.00550912
0.00373069
0.0114633
0.00308038
-0.0123692
-5.03074E-06
0.00704836
0.00146754
-0.0094563
-0.00430533
0.000533724
0.0151506
0.0131893
-0.00884964
0.0047337
-0.000645396
-0.0034332
-0.0110546
-0.00414424
-0.0128998
-0.0170844
0.00284818
0.00311995
-0.00685269
-0.00367452
0.0136634
0.0067931
-0.00550327
-0.00296431
0.0156904
0.00103927
0.00186867
0.0070555
0.0145442
0.00524169
-0.00782657
0.0128006
0.0183083
0.0032509
-0.0115075
-0.00479565
0.00475767
-0.00633804
-0.0015542
0.0032544
5.82288E-05
-0.0109446
-0.0091769
-0.012928
-0.00515321
0.00444658
0.000821253
0.00725033
-0.0144084
0.000397141
-0.000841563
0.00570006
0.001645
0.00997619
0.000633977
-0.00626813
0.000957514
-0.00519216
-0.00644949
0.00386138
0.00749016
0.00243472
-0.00145448
-0.00384558
-6.07953E-05
-0.00946708
-0.00818985
0.00128579
-0.00887382
-0.0149397
-0.00906586
-0.00174821
0.026315
0.0125487
0.00123779
-0.0060451
-0.00774469
0.0111645
0.0135122
0.00611614
0.00303188
-0.000531129
-0.00925004
-0.00332744
0.0107424
0.00211762
0.00112336
0.00543023
0.0118678
0.00644504
0.010938
-0.00243103
-0.00263643
-0.0095681
-0.00380034
-0.00209542
-0.0115733
-0.0129487
-0.00332821
-0.00760305
-0.00791024
0.00514567
-0.011533
0.00708787
0.00623149
-0.00603792
-0.00541114
0.0253348
0.0107053
0.00316074
-0.0104666
-0.0175471
0.00229785
0.0134052
0.0109224
-0.0155965
-0.0227323
-0.000224508
0.0065782
0.00280451
0.000815572
0.00170396
-0.0150537
-0.00423125
0.0150122
0.00130389
0.00993831
0.0126825
0.00443438
0.0121202
0.000117507
-0.00916055
-0.000834282
0.000793828
-0.0072671
0.0018279
0.00298869
0.00623959
0.00929402
0.00398008
-0.0160597
-0.00297612
0.00108309
0.00457314
-0.00297105
0.00224923
-0.0142232
-0.0120783
-0.00507797
-0.00601399
0.0109525
0.00179419
-0.00127685
-0.00657029
-0.0133548
-5.88587E-05
-0.00523336
-8.42606E-05
0.0117766
0.0161446
0.00465526
-0.00702046
0.00279621
-0.00164349
-0.0125518
-0.00651921
0.00485778
0.00186399
-0.0103307
-0.0110182
0.000508786
0.00371648
0.0177985
0.0143889
0.0099783
0.00243758
0.00400671
0.001647
0.00747344
-0.000359215
-0.000420503
0.014161
0.00899066
0.000337784
-0.0101873
-0.00879466
0.00391459
-0.00140579
0.000878916
0.000878178
-0.016528
-0.0286084
0.00261018
0.0147948
0.0039155
0.000927454
0.00123036
-0.00294404
0.00451443
0.00295676
0.00144546
0.0135468
0.00048263
-0.0103285
-0.0236278
-0.0201398
-0.00907391
-0.0124426
-0.0113822
-0.0012371
0.00722363
0.0067195
0.00643495
-0.000239711
0.00794838
0.0197391
0.00634969
0.00039892
0.0150093
0.00507598
0.0058841
0.000472251
-0.00959701
-0.00169562
-0.00314848
-0.00876166
-0.00353592
0.00406794
-0.00676781
-0.00142691
0.0042274
-0.000834309
-0.0128438
-0.00292649
0.00306171
0.00909944
-0.00368029
-0.00358613
0.0128547
0.000340682
-0.0014084
-0.00266776
0.00250509
0.00537849
-0.000605511
-0.00275101
-0.0021018
-0.00396995
-0.00352343
0.00295321
0.00622642
0.0020504
0.00301503
0.00231178
-0.00613907
-0.000535463
0.000663791
0.000519676
0.00465346
0.00537241
-0.00107689
-0.00924262
-0.00913693
0.0076784
0.0147536
0.00129413
-0.00263067
0.00509364
0.00634952
0.000717154
-0.00747264
-0.00941527
0.0011811
-0.00234575
-0.00739155
-0.011681
0.00552363
0.000857615
-0.00228532
0.00587703
-0.00295788
-0.00146086
-0.00449425
0.00365561
0.00560175
0.0022342
0.000948559
-0.00733422
-0.015299
-0.00729401
0.00362554
0.00661132
-0.00293178
-0.00379476
-0.000736513
0.00369023
0.00627381
0.00871672
-0.00527086
-0.00150354
0.00523257
0.0012475
0.00517129
0.00663872
0.00507479
-0.00458662
-0.0132001
0.0035033
0.0036099
-0.00478468
-0.00167442
0.00457436
0.00199725
0.00338962
0.00171187
-0.00288711
0.000446436
-0.00456809
0.00270715
-0.00265777
0.00383378
0.000224018
0.00294558
0.00692001
-0.00621273
-0.0097118
0.000449397
0.000982651
0.00440555
-0.004032
-0.00669518
-0.00461911
0.00340659
0.00525399
-0.00922036
-0.00684348
-0.00227484
0.00708833
-0.0040802
-0.0160476
-0.00618253
0.00881421
0.00966394
0.000661043
0.00329423
0.00426537
0.0128313
0.00521691
-0.00665124
0.000980016
0.00664148
0.00567253
0.00657929
-0.00138232
-0.00263898
-0.00361338
-0.00248018
0.00921075
0.00988951
0.00512821
-0.00494741
-0.00419133
-0.0201669
-0.00372606
0.00187446
-0.00461731
-0.000180372
-0.00573793
-0.00546182
0.0014575
0.00864118
0.00759213
-0.00628695
0.00503059
-0.00637317
-0.00111463
-0.0011529
0.00109528
-0.0101773
-0.000657946
-0.00256601
-0.00772605
-0.0081068
-0.00364066
-0.001052
-0.00399446
0.000604099
0.00319359
0.00769125
0.00608616
-0.000218415
0.000380799
-0.00204002
-0.00416619
0.00219417
0.00080077
0.00753777
0.00904324
0.00639962
0.00269308
0.00432325
0.00745861
0.00595815
0.00663074
0.000682636
0.00765669
0.00518261
-0.00486677
-0.00173065
-0.000492744
-0.00770941
-0.00275234
-0.00320344
-0.00339879
0.00552601
0.00114915
-0.00955356
-0.0126976
-0.00302516
0.000997737
-0.00625625
-0.00692775
0.000474888
-0.00551114
0.00529931
-0.00334773
-0.00434549
-0.0070621
0.00133343
0.00676075
0.00283168
0.00490983
-0.00267405
0.000809604
0.00216965
-0.000894082
0.0047123
-0.00506766
-0.00767708
0.000177825
-0.001843
-0.00626031
0.0059795
-0.00034688
-0.00390218
-0.00100333
0.00789729
0.00367957
0.000468986
-0.00177171
0.00416782
0.00922014
0.00699141
-0.000255702
0.00360936
0.0083549
0.00405415
0.00810136
-0.00730664
-0.00783525
-0.00619069
-0.00670992
-0.00173709
-0.00261082
-0.00450866
0.00261496
-0.00387498
-0.00898764
-2.05959E-06
0.00324543
0.00231333
0.012371
0.0117383
0.0056363
-0.00104683
7.95389E-05
-0.0149548
-0.00802177
-0.000341204
-0.0071663
-0.00969205
-0.00918605
0.00956528
0.00946797
0.00959357
0.00802565
0.00802631
-0.000281884
-0.00104855
0.00265061
7.14555E-05
0.000675203
-0.00340694
-0.00436469
-0.00640299
-0.0110891
-0.00569393
-0.000290617
0.00176628
-0.00184266
-0.0133177
-4.90289E-05
0.00736031
0.00340286
-0.00463464
0.00544252
0.00714214
-0.00177321
-0.00384579
-0.00533966
0.00179119
-0.00253794
-0.00168059
0.00122052
-0.0049521
0.00308121
0.000178986
-0.000956712
0.00653135
0.000214031
-0.00404053
-0.00490802
0.00662881
0.00441537
0.00135317
0.00251905
-0.00104201
0.00469146
0.00175639
0.00103368
0.0015837
0.00341441
0.00921539
0.00394405
-0.00211008
-0.00509154
0.00598603
0.00399834
-0.00464247
-0.00621125
-0.00215527
-0.0014038
-0.0044419
-0.00314332
-0.00689623
0.00329723
0.00692811
0.003703
0.0030246
-0.00158377
-0.00179275
-0.0069368
-0.00733159
-0.00399462
-0.000787404
-0.00097734
-0.00423051
-0.00270288
0.00215798
0.00239958
-0.00187856
0.00212215
0.00160597
-0.00113275
-0.00149012
-0.00238294
-0.00512499
-0.00446074
0.00484302
0.0028375
0.00427062
-0.000653684
0.00421279
0.0075573
0.00404811
0.00433932
0.00102702
-0.0015569
-0.0127323
-0.00517538
0.00107613
0.00246059
-0.00424686
-0.000787232
0.000734448
-0.00341008
0.000856794
0.00144878
0.00228246
0.00466516
0.0105336
-0.00282874
0.00112554
0.00390388
0.00221722
0.00141767
-0.00578067
-0.0074398
-0.00736762
0.00576465
0.00209748
-0.00725858
-0.00597424
-0.00255551
-0.000527436
-0.00372692
-0.000645885
0.00686798
-0.00213872
-0.00642172
-0.000746516
0.00407616
0.00231726
0.00410797
-0.00476147
-0.00855681
0.000106376
0.00393791
0.00370872
0.00127219
0.000380952
-0.000361054
0.00378328
0.00673
0.00806741
0.000908974
-0.00287226
0.00657687
0.00825721
-0.00115378
-0.00514815
0.000309522
0.00148013
0.00284213
0.00138352
0.0012657
-0.00870844
-0.00519169
-0.000230528
-9.55634E-05
0.000216337
-0.000851674
-0.00278242
-0.00838356
-0.013435
-0.00785176
-0.00768528
-0.0113623
0.000209055
0.00415234
0.00825394
2.32461E-05
0.00156252
0.0028947
0.00342252
0.00359631
0.00287305
-0.0012932
0.000349544
0.000265254
0.00047009
0.00793469
0.00439502
0.00395008
0.00194808
-0.0022785
-0.00123864
0.00141293
-0.000404823
0.00153657
-0.00886717
-0.00503976
0.000233483
0.00166325
0.00337558
0.00596926
0.00547345
-0.000987909
0.000399088
-0.000639088
-0.00561081
-0.00347461
-0.000318082
0.00112899
-0.00682661
-0.00816919
-0.00341221
-0.00248046
0.0078456
0.00511922
0.00361241
-0.00176183
-3.26832E-05
0.00234333
0.000723376
-0.00551581
-0.00313306
0.00358624
-0.00504976
-0.00655428
-0.00126927
0.00242656
0.00142522
0.00189157
0.00701045
0.00609375
0.00105193
-0.00193214
-0.00191942
0.00410737
0.00139542
0.000507816
0.00191529
-8.08886E-05
-0.00583667
-0.00387882
0.00282112
-0.000893899
-0.00469112
-0.00658207
9.29334E-06
-0.00253443
-0.000461452
-0.000245753
0.00436084
-0.00294218
-0.000120539
0.00334497
-0.000970866
0.0049578
0.000966769
-0.00129987
-0.00505808
-0.0017932
0.00316521
-0.00186332
-0.00537758
-0.00395439
-0.00580556
0.000629234
-0.00383098
-0.00178184
0.0041937
0.00381911
0.00254544
0.00430169
0.00497232
0.000844543
0.006174
0.00717951
0.000674055
-0.00447647
-0.0022057
0.00060197
-0.00590443
-0.00457677
-0.0065914
-0.000579883
0.00340234
0.00577331
-0.000273727
-0.000679337
-0.000486242
0.00218308
0.00358211
-5.41551E-05
0.00195102
-0.00730639
-0.00793694
-0.0016203
0.00243919
0.00227358
0.000463998
-0.00176728
-0.0012182
0.00305615
0.00146544
0.000757927
-0.00238359
-0.00427468
-0.00271558
0.00249796
0.000438717
0.000934695
0.00780814
0.00150092
0.00184577
-0.000982589
0.00101358
-0.00103427
0.00190145
0.000674488
-0.000510582
-0.00435313
-0.00278779
-0.000949973
-0.00309046
0.00122105
-0.00463011
-0.00374157
-0.00153012
0.00215168
0.00187536
-0.00659852
-0.00113044
0.00451551
-0.00105126
-0.00300724
6.29055E-05
-0.000984518
0.00112924
0.000541103
0.00554903
-0.00123336
-0.00113746
-0.00339113
-7.92756E-05
-0.000217401
0.000823406
-0.00172632
-0.0035614
-3.80283E-05
0.00595758
0.00651172
-0.0034262
-0.00476979
-0.00238198
0.00233084
0.000354323
0.00272802
0.00300249
0.00241587
-0.00194008
-0.00216615
0.000945999
0.000861825
-0.00128814
0.00705528
0.00168105
-0.00428774
-0.00508893
-5.19927E-05
0.0058324
-0.000272635
0.00139137
-0.000791588
-0.000951078
-0.00194917
-0.00497015
-0.00179761
0.000642375
-0.0015632
0.00242717
-0.000472884
-0.00375482
-0.00285804
-0.00701173
0.000907487
0.00603806
0.00303948
0.00147128
0.00195395
-0.00194644
-0.00190077
4.20294E-05
0.00248582
-0.00253541
-0.00646334
-0.00285673
-0.00207438
-0.00150841
-0.00234599
-0.00479397
-0.000329021
0.00633726
0.00348735
0.00243361
-4.94062E-05
-4.40675E-05
0.00107516
0.00168551
0.00868929
0.00299119
-0.000732678
0.000864884
-0.0057108
-0.00627488
-0.00386077
-0.00176023
0.00549675
0.000691514
-0.00288645
-0.00383887
0.00306856
0.00880545
0.00421853
0.00163724
-0.00673181
-0.00500356
0.0011399
0.00180311
-0.0014383
-0.00258738
-0.00319378
-0.000245644
1.14665E-05
-0.00253713
-0.00328801
-0.00083905
0.00161971
0.00239922
-0.00124795
3.86917E-06
0.00195174
-0.0024959
-0.0032603
-0.0018431
-0.00156155
0.00523245
0.00488773
0.00131118
-0.0027759
-0.00299636
0.0044445
0.00438072
0.00211811
-0.00162977
-0.00569639
-0.00497974
-0.00175609
0.00118071
0.00327384
0.000560505
-0.00099642
0.00286599
-0.000456214
-0.000246425
0.00556435
0.00307306
-0.00130196
-0.00334052
-0.0057004
0.000561605
0.000322078
-0.0026773
-0.00654228
-0.00388842
-0.000879288
0.000985082
-0.00184687
0.0019273
0.00229114
0.000140237
-0.00220886
-0.00520518
0.00128882
0.000971337
-0.00249489
0.000245513
0.00205059
-0.00472734
0.000868135
-7.39739E-05
0.00142683
0.00433766
0.00519171
0.00459505
0.00205371
-0.000550316
0.000512167
0.000778092
0.00354513
0.00130294
-0.000997828
-0.00282793
-0.00380986
-0.00293055
-0.000562729
-0.00124714
-0.00169802
0.000894864
0.000798238
-0.00401274
-0.000945787
0.00357822
0.00308263
0.00319393
0.00189006
0.00130205
-0.00475196
-0.00437243
-0.00229333
-0.000260369
-0.0038376
-0.00416951
-0.00431938
0.00150053
0.00257005
0.000667525
0.00560762
-0.000628081
-0.00371495
-0.00573623
0.0037149
0.00584596
0.00103732
-0.00468585
-0.00520489
-0.00346246
0.000532295
0.00315444
0.00168345
0.00127056
0.00236129
-0.00115332
-0.000764694
0.00171671
-0.00215933
0.00113531
0.00281997
-0.00334451
-0.00714392
-0.000606221
0.00304916
0.00241071
-0.000454834
-0.000546048
0.00030291
2.94685E-05
0.00507503
0.00302345
-0.00272817
-0.000877855
-0.0013149
-0.00227487
-0.0043119
-0.000987196
-0.00179302
-0.00428686
-0.00056729
0.00168721
0.00480897
-0.0012507
-0.000752048
0.0023061
0.00111153
0.00264428
-0.000220972
-0.00420592
-0.000472213
-0.000223519
-0.000818507
-0.00285337
-0.000173643
0.00120292
0.00304254
0.00740013
0.000233695
0.0028119
0.00156792
0.00416749
0.000400387
-0.00607174
-0.00278419
0.00114484
0.0020528
-0.00244827
-0.004081
-0.00209677
-0.000575982
-0.00411211
-0.00252069
-0.00180457
0.00307594
0.00697842
-0.000630939
-0.00458689
-0.00394672
0.000274934
-0.00161573
-0.00179476
-0.00166411
-0.00412134
0.000770689
-1.59781E-05
-0.00261133
9.62596E-05
0.00158077
-0.00158631
-0.00297689
0.0043485
0.00170772
-0.00284314
-0.00498351
-0.00151198
0.001616
0.000550791
2.31793E-05
-0.000380431
0.00280096
0.00663836
0.00754141
0.0045896
0.0029268
-0.00114518
-0.0042031
-0.00132771
-0.00080242
0.00106729
0.00206291
0.0017621
-0.00207163
-0.00499534
-0.00396794
0.00363515
0.00827622
-0.00158265
-0.00550402
-0.00629627
-0.00226764
0.0016682
0.000500991
-0.00143174
-0.00401364
-0.0043097
-0.000487862
-0.00250492
-0.00153852
0.000597967
0.00226705
0.000165818
-0.00131301
0.00075038
0.00192682
0.00329384
-0.00313442
-0.000626432
0.000158632
0.00304268
0.00324459
-0.00114454
-0.00381414
-0.00024804
0.00173383
0.000590951
0.0022115
0.00110977
0.00109607
-0.00206698
-0.000771289
0.00105951
0.00260304
0.000153822
-0.000496591
0.00140764
-0.00255417
-0.00539754
-0.00208567
0.000359388
0.00505764
-0.000447175
-0.00222158
-0.000121367
-0.000960215
-0.0019846
-0.00131761
-0.000408827
-0.00214384
0.00112808
0.00375408
-0.00151843
-0.00271426
-0.000576559
0.00284731
-0.00511096
-0.00172859
0.0014854
0.00393508
-0.00170379
-0.00280593
-0.00638863
-0.00286429
-0.000701193
0.0021707
-0.00460353
0.000236743
